 -24.645
  -1.936
  20.657
   5.797
  17.224
  -9.357
 -21.474
  -6.184
 -11.731
   8.572
  15.941
  13.464
 -12.944
  -7.198
  48.961
   3.143
 -12.144
  29.366
  32.658
  39.209
   9.096
   3.029
  34.599
  25.407
   8.317
  13.714
   6.209
 -29.442
 -11.716
  17.911
  38.570
  12.457
   9.774
  15.416
  30.619
  -2.344
  14.625
  32.252
  -6.699
   9.499
  -7.828
  31.689
  -4.575
 -35.240
  44.115
   6.820
 -18.682
   3.117
  -5.731
  -6.471
 -18.743
   3.917
   0.923
   7.751
   2.826
  -3.725
   3.769
 -13.901
   2.455
  -3.962
   4.984
  -2.379
  -7.244
  26.307
  -1.761
  24.590
  -2.342
  16.200
 -16.182
 -24.707
  26.463
  24.383
   2.655
  -3.279
  39.083
  17.713
  -3.464
  12.390
   2.158
   4.472
   9.004
 -14.487
 -15.682
  25.997
  13.644
  -0.351
  -4.789
  13.843
  15.906
   0.274
  17.331
  24.960
   3.460
  19.049
   9.512
  18.645
   8.120
 -12.048
  26.970
  15.027
  16.146
  -8.917
   6.166
   4.560
  -4.928
  50.746
  22.573
 -14.195
 -10.298
   6.059
  35.043
  11.783
 -17.921
  12.000
  -4.219
  10.733
   5.399
  -9.406
  21.209
   7.962
  22.132
 -11.394
 -10.032
  32.831
  22.888
  -8.179
  17.734
  48.439
  25.391
 -25.689
  -8.718
   5.848
  19.427
  41.398
  -7.621
 -24.084
   9.504
  20.332
  21.314
  12.375
 -18.328
  11.635
 -13.433
  13.525
  48.191
  12.853
  13.606
 -14.468
   7.528
  51.752
  -2.672
  -3.818
   7.553
  10.398
   7.222
  -3.432
  -2.443
  25.651
  45.388
 -13.053
  -2.467
   6.946
  14.978
 -18.413
 -13.667
  38.265
  14.729
 -35.806
   0.789
  25.258
 -22.925
  -2.207
  34.025
  11.552
 -21.375
  19.949
  10.793
  -0.356
   3.698
  14.867
   4.507
   4.704
  15.159
  31.786
  -4.467
  13.689
   5.778
 -15.721
   7.422
  10.824
 -20.583
  -4.421
  52.007
  18.824
 -20.846
  -0.283
   8.132
  21.718
  -1.245
   4.636
  22.366
  24.847
  14.112
  11.387
  19.195
  -2.914
  15.950
   5.146
   2.315
   8.698
  -9.537
  -9.955
  -1.825
  -2.039
   3.472
  52.714
  17.257
 -19.475
  22.623
  12.885
 -28.685
  35.358
  15.729
 -18.372
  41.400
  13.743
  -5.588
  14.765
  -1.635
  -7.832
   5.774
  29.881
   0.074
  26.286
   3.151
 -12.530
  25.575
 -12.588
  -8.146
   1.456
   2.441
  19.826
   9.378
   0.413
  20.687
  30.080
 -26.133
 -10.470
  42.733
 -28.327
  -8.015
  23.518
   2.709
  30.230
  -6.203
  -9.413
  10.298
  -3.063
  13.289
   7.572
   4.427
  34.095
   4.476
 -14.178
   1.025
  20.542
 -21.480
  22.459
   0.636
   0.825
  26.250
  -4.670
   4.403
 -11.808
  -2.796
  18.093
   6.441
  41.539
   8.677
 -18.813
  32.359
  19.399
 -17.910
  12.826
  29.613
 -24.318
   4.086
   2.753
  37.356
  10.142
  -5.319
  36.215
  12.979
  23.559
  20.749
 -19.583
  30.622
  18.192
   1.086
  42.466
 -13.513
  32.212
  53.418
 -39.720
 -16.420
  41.144
  -5.571
  21.777
   8.341
 -19.425
  14.640
  23.126
  12.771
 -11.403
  42.403
   6.436
  13.305
  41.582
   2.793
 -12.415
  21.797
  12.308
 -12.294
   1.609
  13.534
  -5.262
 -12.426
  27.240
  23.680
  12.831
 -31.051
 -31.806
  30.472
  15.055
 -24.216
  10.448
   6.395
   4.872
  18.452
  -5.353
  27.799
  13.646
  -6.952
   1.631
  -4.529
  25.751
  12.541
  23.337
 -18.656
 -24.752
  33.995
  20.120
 -10.807
 -10.351
   3.381
   1.721
 -16.208
  -2.074
  28.293
  17.669
 -16.005
  -2.571
  33.506
 -16.484
 -17.381
  27.489
  -5.569
  -2.416
  17.384
  23.820
  28.585
  14.307
   9.608
  14.100
  10.860
  -4.329
   2.618
  -5.747
 -21.204
  36.474
   3.780
  20.093
  32.391
   1.742
  -4.407
  -3.461
  46.086
 -16.293
   8.503
  37.550
 -11.023
  11.406
  24.508
  -5.701
  21.388
  34.075
  16.415
  -2.607
  12.682
  37.250
   0.053
  -4.669
  18.349
   5.652
 -14.522
  12.602
  -0.288
  12.898
 -16.317
 -10.589
  42.354
   2.389
   1.410
   0.595
 -17.346
   4.813
  20.898
   2.737
  25.579
  36.481
 -12.719
 -21.804
   5.674
  21.409
  -0.636
  20.637
   7.986
  13.286
  13.854
 -32.912
  25.477
  23.604
  20.402
  -7.738
  -9.375
  -1.263
 -19.581
  -7.860
   3.644
  34.785
   8.913
 -23.605
  24.581
   0.760
 -21.457
  31.392
  23.050
 -10.514
  21.114
  -5.775
  -6.577
  14.961
  23.328
   9.163
   6.742
   4.722
  29.054
 -17.927
 -14.849
  32.302
  21.352
   8.573
 -14.410
  18.391
  19.675
  -0.311
  26.878
  12.464
  -2.184
  20.658
  35.873
  -2.086
  11.876
  33.374
 -11.447
  17.109
  25.298
  14.227
  10.468
  -0.544
  12.643
  34.412
  22.089
  -4.240
   3.085
  31.896
   1.913
  -1.700
   0.863
  20.005
   8.724
 -38.156
  17.740
  37.192
 -33.019
   6.346
  56.606
  -5.126
   8.566
   7.153
   1.847
  10.679
   1.316
 -10.118
  15.481
  49.468
 -15.555
 -17.201
  30.713
 -16.608
  13.004
  45.769
  14.207
 -30.604
  27.312
  59.675
  -8.934
 -13.328
  32.450
   8.009
 -23.432
  20.468
  11.680
 -21.527
   5.352
  15.135
  28.323
  29.063
   4.233
   1.260
  27.085
  42.148
 -29.215
  30.838
  18.842
   2.533
  34.327
 -11.237
 -11.730
  36.688
  26.794
 -32.301
 -19.404
  37.078
  20.358
 -12.389
 -15.320
   9.476
   5.851
 -25.574
  17.068
  39.555
 -24.937
  29.949
  -0.466
  -9.980
   9.033
  -2.356
  26.080
  15.441
  -0.433
  28.299
   6.794
 -21.259
  16.783
  -8.533
   6.366
  16.215
   6.371
  47.088
  24.593
 -24.562
  36.685
   0.105
 -25.033
  36.942
  27.636
   6.471
 -10.819
  15.666
  26.303
   4.000
 -35.621
  -2.032
  26.744
  -0.514
 -18.379
  -3.709
  29.553
  12.107
   7.394
  -4.221
  19.912
   9.567
  18.324
   9.301
   8.091
  28.427
  11.257
 -22.361
  15.898
  43.200
 -12.857
  10.681
  21.044
  -6.262
  -3.848
  22.141
 -10.507
 -21.417
  18.887
  -3.988
   9.623
  22.961
  26.199
  18.801
  33.968
   2.799
  -1.049
  25.084
 -14.258
  36.565
  20.869
   2.585
  21.504
 -10.247
  17.379
   8.051
  -4.809
   5.486
 -25.229
 -10.981
  49.880
  12.478
   9.936
  39.871
   0.544
 -16.956
  32.988
  29.225
  24.915
  -8.402
 -10.973
  46.861
   7.887
 -13.924
   3.352
  -0.716
  14.719
  34.299
  -2.856
   0.814
  26.262
 -26.065
  -8.755
  19.454
   9.716
  17.286
  10.047
  41.110
  21.577
 -30.719
   1.037
  21.429
  15.482
   7.501
 -18.602
  20.352
  21.684
 -31.341
  17.977
  38.414
  -7.430
  -3.755
  13.524
  10.444
  12.001
  -7.180
  18.573
  24.948
   4.163
  15.108
  12.716
  11.274
   1.152
 -26.313
  24.832
  34.607
  23.996
   2.533
 -33.270
  26.237
   9.221
   4.996
  48.569
 -17.085
  25.068
  27.663
 -24.215
  25.896
  19.469
 -22.619
  27.306
   1.761
  -9.400
  13.467
 -11.542
 -12.167
  23.482
   9.517
   5.242
  -7.232
  -5.032
 -11.035
  -4.485
  39.644
  10.588
  -1.186
   7.261
   7.076
 -12.124
  -1.684
  14.208
  26.870
 -10.609
 -19.819
  34.512
  24.746
 -29.802
  26.820
  25.453
  11.828
  21.869
 -10.693
   7.311
   2.146
   4.675
  10.753
  11.165
  13.592
 -23.308
  17.610
  36.375
  -3.580
 -17.184
   8.576
  28.540
  -7.932
  29.334
 -10.372
  -9.600
  29.052
  31.346
  16.883
  -6.642
   9.548
  31.105
  13.606
  -6.003
  -1.610
  -3.028
  16.313
  40.177
  12.297
  25.705
 -20.421
  -6.480
  -1.194
   2.646
  29.105
  25.390
  25.958
  -3.810
   5.402
 -11.483
   0.719
  50.139
  -4.097
 -32.276
  10.945
  47.506
 -14.097
 -19.012
  59.348
  -2.042
  13.917
   3.984
  13.580
  17.526
  10.125
  -6.034
  15.318
  17.672
 -12.469
  23.509
   1.286
  17.327
   8.038
  24.940
  18.536
  -0.629
  26.484
   4.324
  30.307
  15.087
   0.030
   8.009
   7.350
  40.394
   1.941
  22.076
  -6.187
 -18.052
  29.154
  21.594
  -3.319
  10.005
  14.978
  28.047
  10.308
 -30.667
  15.074
  -7.063
  17.748
  20.119
 -35.456
  20.032
  17.403
   5.917
  12.369
 -25.016
  17.091
  13.466
   6.533
   7.785
  -4.627
   6.493
   8.066
  20.777
   6.858
 -28.038
  23.660
  39.898
 -22.233
  13.329
  24.930
  -0.035
  29.681
   8.549
  -3.925
   7.413
  13.724
  33.279
  -2.915
 -17.344
   5.076
 -13.973
  36.772
  -6.288
 -24.944
   7.557
  -1.230
  20.386
  35.518
  -7.843
  22.392
  -1.147
  -8.294
  52.878
 -14.211
  13.113
  28.096
 -30.153
   9.008
 -12.436
  27.689
  -3.634
 -33.487
   7.368
   6.991
   1.381
  -4.391
   7.436
   3.447
  17.110
   4.386
  11.456
   7.822
   9.362
  -7.426
   6.663
  53.973
 -10.177
   0.951
  -1.964
  -3.730
  11.806
 -14.207
  17.387
  -1.284
  11.149
  17.654
   8.200
  23.329
  11.407
  18.707
  17.313
 -27.092
  21.321
  28.284
 -34.257
 -10.394
  20.964
   8.593
 -11.733
  25.014
  10.313
   4.528
   8.940
  -0.013
   6.979
  14.960
 -17.139
   8.082
  27.485
   9.410
   1.550
 -12.966
  17.153
  21.048
  15.050
 -12.000
  11.042
  24.935
   6.293
   3.740
 -13.404
 -15.520
  30.092
   7.214
  -6.072
   0.798
  13.977
  19.935
  22.364
   0.476
  -5.245
  24.245
  -7.074
 -29.325
   3.695
  36.478
  25.531
 -11.186
  14.539
  28.549
   1.924
  24.441
   8.489
   5.224
  15.632
   5.612
  17.265
  23.694
  -9.113
  -9.276
   9.224
  23.696
  16.996
   3.529
   4.397
   3.484
  16.617
  11.599
 -13.738
  10.751
  45.109
  26.403
   5.762
 -23.418
  19.906
  -9.564
 -12.818
  65.483
 -11.638
  15.145
  18.017
 -49.655
  15.241
  17.824
  18.067
  -4.264
 -12.018
  12.713
  -8.154
  -0.399
  12.584
  -1.285
  10.959
  -0.495
  12.503
   5.385
 -16.448
   9.037
  46.509
  21.953
 -24.389
  26.516
  20.434
  17.296
  38.796
  22.216
  11.862
   1.374
  -2.304
 -15.657
  32.081
  31.949
   6.360
 -19.534
   8.374
   9.970
 -18.626
  38.225
  25.687
  32.869
  13.520
  28.683
  28.123
  -7.159
  11.806
   2.427
  10.050
   6.792
 -18.197
  -2.674
  11.802
  -2.671
  11.908
  -1.623
  21.115
  25.024
 -29.698
 -28.596
  22.912
  35.607
 -23.748
  -8.185
  26.617
   2.721
  27.670
  30.736
  -2.559
  -9.544
 -12.758
  37.968
  24.586
 -10.729
  12.215
  -8.276
  -6.091
 -12.093
  25.933
  41.471
   0.857
  26.693
  35.403
 -19.141
   9.939
   3.061
 -32.264
  -6.624
  33.286
  17.134
 -31.557
  19.163
  13.735
  18.183
  -1.183
  -8.795
  15.784
   8.516
  11.175
   5.346
   9.069
  -4.036
  13.300
  26.636
   9.088
  18.100
  -2.692
  32.010
  -7.335
 -24.944
  -3.202
  12.170
  14.838
  20.390
  23.877
  25.509
   5.634
 -26.647
  27.365
   2.331
  27.466
  23.473
 -20.689
   7.844
 -21.507
   6.885
  14.519
  -5.929
  24.683
   3.955
 -14.242
  20.356
  26.514
  15.051
  28.609
   1.513
   8.952
  49.821
  37.916
  -3.947
  -6.718
  25.521
  22.710
 -37.965
  15.435
  48.320
 -11.449
  11.039
  39.520
  11.185
  -7.306
  23.306
   9.744
  -7.512
   6.580
   9.120
  18.015
  17.986
  -3.742
 -26.795
 -11.061
  18.079
  10.730
 -10.387
  22.860
  28.026
  32.811
  10.128
   0.209
  27.085
  -4.477
  10.797
 -10.756
 -20.328
  52.623
  14.247
 -16.864
  19.869
  11.780
  11.093
   9.260
 -10.784
 -19.956
   3.664
  37.287
   6.226
  14.819
 -15.814
   7.620
  45.816
  -7.116
   9.978
  -5.215
 -23.038
   2.679
  -2.301
  44.694
  32.436
 -18.811
  -8.216
  40.777
  14.461
  -9.021
  51.725
  26.000
 -22.296
   6.374
  15.578
  -5.262
   0.847
   2.022
   8.619
  11.822
  24.561
  11.249
 -12.710
   6.624
  10.942
 -21.739
   4.417
  25.656
 -20.289
  -9.234
   9.556
  15.966
  -9.614
  13.044
  -3.087
   7.371
  14.636
  13.277
  17.981
  -4.575
   5.389
  19.075
   1.556
 -24.917
  18.106
  29.104
   2.578
  18.108
  12.958
  -6.495
   4.402
  25.270
  18.141
  17.803
  20.472
 -14.225
  10.180
  19.507
   3.203
  11.388
  25.595
 -12.131
 -13.176
   8.007
  11.014
   9.343
  10.924
 -16.860
  31.686
  21.638
 -20.008
   7.029
  -3.686
  -4.260
  11.044
 -16.383
  -8.664
  -9.889
   2.167
  45.877
  -4.186
 -18.718
  25.625
   3.854
  12.795
  25.349
 -25.547
 -25.114
  -4.185
  -3.454
  11.436
  35.377
  -9.411
 -18.647
   4.695
  13.607
  31.167
 -14.566
 -23.713
  20.390
 -10.552
  -2.824
  -8.233
 -11.991
   8.484
  10.887
  13.482
  12.120
  15.221
  23.192
  -3.999
  10.251
   4.333
 -19.934
  30.006
   1.823
  22.648
  26.799
 -20.382
  -1.701
  37.946
  -9.972
  30.342
  19.879
 -21.771
  -2.516
  11.143
  12.299
 -10.699
   6.290
  40.833
   8.613
 -19.245
  13.231
 -13.020
  36.518
   5.623
   7.030
  28.157
   8.286
  12.615
 -21.194
  13.106
  29.502
  -8.241
  -8.332
  37.516
  27.764
 -12.499
 -29.576
  29.681
   9.331
   1.233
  48.923
 -15.160
  -4.191
  20.609
 -28.860
   4.015
  10.421
  12.900
  -8.718
  -2.381
  10.529
   5.207
  31.939
   1.319
  -5.609
  28.952
  17.329
  34.038
   7.915
  13.674
  -4.371
 -32.971
  35.187
  26.821
 -22.824
  18.373
   0.578
  -3.261
  26.392
  19.991
  -8.817
  -2.070
  -1.058
  -0.678
  31.612
 -24.053
 -21.880
  31.899
  24.938
 -11.781
   8.313
  32.400
  -8.461
 -13.384
  22.920
   8.119
   4.782
   1.723
  25.368
   5.510
 -22.396
  22.030
  15.626
  11.363
   2.852
   3.726
  -0.311
   7.298
  22.946
 -28.227
 -20.770
  19.057
  38.559
 -10.226
   5.808
  33.218
   6.246
 -20.558
   5.063
  32.105
  -7.772
 -28.911
  12.418
   4.280
 -30.557
  -2.451
   5.401
  21.544
  -7.321
   8.368
 -10.909
  -2.256
  23.134
   5.897
  23.655
  12.914
  26.851
 -10.061
  10.557
  11.295
 -22.013
  -7.468
   7.647
   0.376
   8.582
  -0.972
   6.717
 -11.520
   4.155
  37.985
   9.978
 -17.661
 -18.838
   7.499
   8.487
   6.927
  -7.805
  11.780
  -8.140
  20.699
  37.983
   9.878
  16.652
   6.505
  13.431
  -2.815
 -29.821
   6.964
  43.392
  -1.964
 -26.786
  10.222
  60.183
   3.624
 -47.829
  16.220
  34.394
 -14.012
  19.645
  10.903
  -2.674
   0.970
  -5.803
   6.731
  -9.474
  43.059
 -14.966
  18.644
  44.561
   6.768
  -1.543
  10.938
  29.666
  19.588
  21.028
  -6.215
   3.717
 -12.462
  -2.102
   8.612
  -0.799
   7.694
  23.021
 -14.325
  24.474
  19.178
  -5.160
   1.290
  35.674
   5.822
 -13.816
  -0.605
  -8.202
  24.918
  18.934
 -33.549
  -4.653
  39.525
   1.976
 -21.494
  24.207
  10.166
   7.798
  29.269
 -15.231
 -22.158
  10.359
  37.753
  11.923
 -10.309
  15.116
  20.447
  -4.380
  -0.965
  36.723
   3.328
  16.183
  32.825
  19.381
   2.512
  26.878
  20.889
 -15.972
  27.472
  35.492
  -5.905
 -35.409
  16.850
   3.991
  -1.018
  -7.898
  -2.044
  18.580
 -11.619
   9.410
   8.655
  39.755
  15.603
  -5.739
  32.478
   8.134
  32.217
  19.805
 -17.008
  23.678
   3.953
  24.470
  35.626
  -4.376
   5.879
  24.160
 -10.780
   6.739
  16.915
  -1.186
   9.062
  11.265
  -3.889
   6.666
  25.282
  -4.099
   9.732
  30.533
   6.979
   4.200
  25.669
  -0.347
  -8.755
  46.343
  14.128
  25.857
  13.184
 -26.671
  23.945
   5.506
 -28.278
  25.383
  29.497
 -12.994
  15.597
  34.988
  -4.046
  -3.274
  10.400
  -0.065
  12.639
 -11.438
  31.511
  16.430
  -0.622
  12.566
 -13.053
  10.625
 -22.404
  -8.174
   9.705
  32.955
  10.120
 -39.202
  -3.566
  19.168
   0.835
   6.900
  16.267
  23.471
  -0.861
   9.540
   3.665
  -1.758
  23.112
  10.052
  40.287
  32.521
 -18.096
   9.913
  23.095
 -13.518
  -5.565
  12.001
 -32.088
  21.849
  16.985
  15.874
   7.037
 -35.719
  11.076
  17.812
  -0.027
 -10.463
   5.264
   2.660
  21.738
  16.998
 -13.683
  -3.959
  28.841
  12.079
  -6.500
  -5.150
  30.374
   9.703
  -9.063
  34.545
   6.453
 -32.441
  -3.412
  39.996
   1.140
 -19.714
  18.090
  19.072
  25.481
 -23.999
 -19.099
  -1.990
  13.023
   6.191
  -4.662
  26.660
  10.709
   5.250
   4.973
 -13.039
   2.542
  40.134
  13.772
  -7.597
  20.707
 -14.955
  -3.064
  29.790
  31.937
 -34.789
   8.473
  33.872
 -25.075
  -3.921
  11.572
  20.749
   6.227
   9.222
  16.880
  11.244
 -13.190
   4.003
  39.488
  -3.952
   5.107
  12.000
  -4.184
 -20.488
  23.103
  20.738
 -36.142
  -6.102
  27.023
   6.983
  17.724
 -23.184
 -21.078
  -9.848
  -2.826
  15.204
 -10.929
  24.835
  15.658
 -25.891
   6.220
  -8.761
 -31.941
  -0.970
  13.544
   1.792
  -2.892
   8.782
  23.073
 -26.345
  -4.986
  29.887
  18.202
   4.682
  17.900
  26.730
   2.141
  13.454
  17.835
  -8.044
 -10.339
  29.132
 -13.150
 -10.649
  25.211
   9.824
  30.276
  40.609
  -9.093
  -6.773
   7.931
 -18.151
  17.424
  34.891
 -22.673
  23.537
  12.117
 -15.841
  28.475
   7.954
 -10.953
  17.662
  32.741
  14.744
   5.180
  27.280
  51.899
  -4.421
  12.752
   3.228
 -35.601
  13.806
  25.587
 -11.781
  -6.195
  12.105
   4.388
  21.783
  -4.368
 -16.000
  23.147
  19.772
  -4.832
   9.815
  -8.492
 -16.008
   8.929
  -6.816
  11.033
  17.390
   0.526
  -1.901
  34.547
  -9.189
  -7.920
  24.269
  14.587
  -0.501
   3.702
  31.826
  -6.983
   5.156
   1.377
   8.950
  10.168
   5.212
  17.127
  38.049
  17.694
  -3.434
  27.913
  15.864
 -29.458
  -7.351
  39.791
  -1.728
  -5.226
  -7.870
 -26.101
  -7.404
   5.615
  16.714
  28.195
  29.507
   2.212
  -4.350
  -1.036
  25.396
  28.164
  18.718
  -6.010
 -24.751
  38.693
  25.927
   2.522
  -2.142
  21.707
  24.012
 -28.403
  -7.152
  10.443
   6.366
   2.733
  -4.532
  -6.637
  -0.763
  17.609
   3.450
  18.408
  17.232
 -11.772
   9.215
  23.795
  13.980
  27.480
  16.341
 -22.816
  -6.349
   9.203
  20.182
  27.360
 -20.603
  18.701
  24.083
   0.458
   2.306
  -6.537
 -15.475
 -20.801
  -0.948
  23.056
   6.809
  15.671
  -0.284
  -5.653
  21.997
   3.720
  -6.719
  27.161
   0.621
 -24.493
  10.014
 -17.817
  45.639
  53.010
 -21.800
 -31.353
  22.972
  -4.017
  -1.125
  22.845
  -8.294
  14.218
  32.199
 -18.662
  -8.393
  37.420
 -40.029
   3.292
  49.122
 -32.081
 -11.992
  52.347
  36.941
 -13.042
  22.791
  -2.834
  12.364
  45.288
 -14.896
  28.657
  -6.254
   3.503
  49.885
  14.144
  -2.607
   4.399
  21.242
  28.896
  -4.984
  21.211
  24.063
 -15.857
  19.807
  14.093
  -0.666
  37.119
   2.026
  -5.783
  10.601
  19.904
  -6.485
  12.726
  23.431
 -22.822
  17.150
  34.467
 -22.435
  -8.371
  28.596
  29.951
   4.039
  21.152
  11.236
   4.646
  10.711
  -5.355
   5.125
  44.659
  22.786
  14.197
  -7.179
  22.400
  31.607
  -9.943
  34.270
  16.359
  -7.469
  -5.467
  10.848
  32.309
  16.403
 -10.655
  11.501
  10.878
   4.400
  17.776
  36.962
   0.719
  15.311
  21.539
  -6.086
  18.933
  16.301
  20.777
  11.154
   4.482
  19.097
  -2.858
  -1.359
  19.476
  -0.675
  24.156
  27.556
 -16.770
  14.732
   2.582
  -6.715
   2.222
   3.919
  -0.070
  15.414
  23.671
 -10.781
  16.941
  12.731
  10.699
  -7.450
 -25.856
  31.054
   9.608
   0.757
  -4.452
 -23.391
  19.611
   9.992
  -3.501
  17.632
  24.566
  -1.444
 -21.616
  49.469
   3.411
  -8.104
  15.652
  19.047
   8.143
 -12.149
  12.242
  -5.240
   7.256
  21.080
   8.136
  10.402
 -22.652
   7.966
  14.290
  -8.532
   3.738
  -7.483
  13.479
  17.602
  -5.561
  -1.377
  32.064
   4.820
  28.036
  40.463
  -0.190
 -20.421
   6.829
   8.619
  11.477
  34.782
 -12.575
  21.508
  12.532
 -21.720
  18.572
   6.264
 -12.990
 -18.902
  14.862
  -3.294
 -23.408
  17.348
   1.153
 -30.833
  27.366
  39.438
 -25.033
   9.153
   7.427
  -4.563
  -6.860
  19.914
  15.983
  10.410
  -0.543
   0.797
  16.329
   4.698
 -18.858
   7.614
  29.438
  20.567
   7.912
   5.080
  -6.036
  43.565
  20.882
 -33.438
  -2.443
  16.980
  -7.487
 -18.781
  36.070
   9.394
  13.062
 -13.878
  -7.368
   0.262
  37.741
  10.176
  -9.286
  27.047
  20.813
   4.996
  -2.181
  -3.393
   9.337
  16.902
   0.650
   8.728
  -9.273
 -13.967
   8.595
  25.992
  -3.789
  -8.496
   4.556
  -3.095
  23.554
   5.763
  33.861
   1.220
  -8.526
  30.854
  15.684
  -8.122
   1.029
  24.436
  22.549
  20.460
  -0.875
  11.813
  26.174
  -9.320
  -2.696
   9.988
   5.598
  -3.528
  23.553
   9.530
 -11.874
  40.796
  20.890
   1.036
   6.821
  13.828
   9.073
  -8.288
   3.275
  26.319
  -0.584
   9.219
  -2.494
   3.300
  15.969
   3.647
  10.194
   2.659
   1.209
  35.050
   8.454
  17.449
  34.157
  -4.939
  10.076
  31.312
  19.282
   1.897
   0.045
  30.680
  -7.261
   1.326
  10.614
 -14.711
  30.661
  12.336
   0.779
  28.015
   0.740
   0.730
  -9.969
   2.124
  26.097
  19.944
   5.305
 -10.218
  32.639
  10.545
 -14.462
   6.526
  17.044
   0.522
   8.319
   7.951
   5.408
  27.613
  -5.076
 -17.772
   3.755
   8.399
  15.853
  31.232
  -3.818
   7.008
  -6.648
  -5.011
  36.764
  -6.552
 -17.765
  25.187
   2.212
 -31.919
   9.895
  11.187
  -6.818
  40.812
  13.828
 -34.631
   6.008
  12.146
  -9.836
  31.512
  31.105
  11.873
  14.983
  12.863
   5.797
  10.545
  29.600
  25.651
   0.715
  -6.889
  29.701
  20.814
  -6.482
   0.695
  -5.064
 -14.065
  29.613
  -4.861
  -7.197
  14.409
  12.958
  -1.350
 -16.997
  30.464
  -7.568
  -3.904
  17.319
  11.807
  -2.997
  -7.168
   9.470
   0.997
  11.944
  26.401
  18.076
  -2.774
   4.085
 -10.883
  26.826
  12.838
 -29.109
  17.509
  10.962
  20.409
  25.309
   0.162
  28.827
   4.177
  -9.247
  11.983
  13.774
  19.042
  10.651
 -14.641
 -14.643
  38.663
  -7.047
  -8.685
  18.712
  26.535
  -9.922
  -0.967
   3.413
 -17.109
  28.734
  -9.226
  -0.565
   7.410
 -12.592
  -5.372
   4.603
  36.095
  21.743
  -3.024
  12.748
  22.032
  20.583
 -20.329
   7.478
  21.179
  22.743
   6.841
   6.466
   0.241
 -37.406
  23.831
  38.907
  -0.309
 -16.048
   3.876
  26.841
  -4.371
  11.247
 -19.876
  25.736
  26.805
 -33.705
  -2.632
  15.771
 -24.803
   2.587
  39.303
 -16.669
   7.992
  35.280
 -13.950
   1.925
   8.709
  14.558
  13.053
  18.699
  12.106
   5.965
  -8.099
  20.013
  32.148
 -32.379
  15.022
  21.276
  27.488
   9.118
 -10.291
   9.302
  12.328
  25.222
  -4.800
  17.076
  35.087
  12.449
  -3.121
  19.255
  20.455
   8.641
  -0.608
  27.355
  28.816
 -28.823
  28.315
  18.052
  -6.190
  33.665
   5.829
  -7.823
 -20.479
  25.294
   7.372
  13.207
   4.133
  -5.231
  26.450
  24.742
  -4.025
  20.946
   6.311
  13.303
   0.617
 -10.940
  46.566
  31.209
 -16.878
  26.732
   5.670
 -10.152
   2.572
  32.350
  35.165
   1.430
  37.015
  16.796
   3.012
   3.124
  21.631
   5.137
  19.025
  36.199
   6.946
  19.718
 -13.537
  21.724
   2.517
   1.875
   8.857
  -3.771
  21.280
  -9.083
   7.082
  13.435
  23.556
  15.136
 -18.286
 -15.944
  46.630
  31.344
 -44.415
  -2.258
  -0.997
  12.439
  27.310
  26.181
 -20.181
   6.553
   2.516
 -15.077
  13.148
  16.495
  24.418
  36.376
  21.545
 -16.789
  -6.344
  35.909
   0.638
  -8.615
  17.070
 -24.060
  14.023
  29.647
   0.315
  -4.299
  -7.389
  10.282
  20.047
  14.929
  15.320
 -22.092
 -11.314
  39.792
  10.784
   3.128
 -18.803
 -10.374
  13.229
 -10.572
   7.237
  44.430
   7.790
   6.616
   8.807
  35.362
   8.484
 -30.946
  17.352
   5.722
  12.894
  28.344
  -1.950
   3.335
  10.917
   9.192
  21.944
 -11.516
  13.516
  27.640
  13.909
  25.759
  -3.957
  -9.786
   8.442
  23.926
  30.706
   4.872
  -9.999
  13.083
  13.530
   1.676
   6.638
  -9.500
 -11.743
  11.008
  44.338
  -0.152
  15.029
  14.762
  16.671
  26.503
  -9.089
  21.288
  39.937
 -11.174
  -3.661
  12.466
  10.532
   5.142
  16.341
  25.500
   7.273
  25.835
   3.863
  29.996
  19.144
 -21.958
  22.609
  17.398
 -16.632
   9.507
  -0.881
  -3.206
  44.819
  17.928
  31.269
  27.820
 -27.003
   9.130
  22.750
  -3.533
  33.887
  32.320
  -8.922
 -16.038
   2.031
  26.851
   5.594
 -21.683
 -11.795
  -4.482
  -4.136
   7.195
  -3.630
  20.556
   9.207
  -4.280
 -21.021
  16.790
  33.785
  -2.244
  27.551
  -2.729
   9.268
  20.559
  28.767
  29.434
   3.209
  20.036
 -10.726
   0.818
  55.237
 -14.499
  -8.866
  14.121
  -0.825
   6.698
  -2.896
  23.280
  -3.784
 -17.621
  28.951
  17.588
   8.350
  14.302
  11.586
  15.676
   3.007
   5.251
   5.639
 -15.445
  30.587
   9.858
  -3.025
  28.252
   9.201
 -19.562
  25.110
  46.694
 -12.460
   3.936
   8.122
   4.533
 -16.010
  40.664
  45.599
  -2.319
 -12.291
  -4.385
   6.856
  10.420
   1.054
  -1.797
  31.350
  -0.051
   1.514
   8.834
 -19.565
  10.843
  48.171
   2.543
 -36.472
  20.649
   9.184
  -4.726
  35.726
  13.605
  -8.444
 -12.330
  12.658
  35.783
   1.545
  -3.563
  25.309
 -14.712
  11.604
  22.442
 -20.067
  27.549
   2.594
   4.024
  20.906
  -2.943
 -18.889
  21.068
  18.446
   7.029
 -12.995
   7.201
  28.455
  20.804
   7.970
 -19.682
  -2.385
  39.833
   0.572
  24.399
  17.512
 -38.072
  14.174
  24.469
 -18.643
  30.584
  49.786
   5.058
 -13.627
  15.748
  15.214
  -1.336
   4.102
  20.116
 -14.190
 -12.038
   5.680
   7.526
  -8.551
 -20.020
  39.099
  26.636
  25.470
   3.650
 -32.042
  33.982
  29.160
   9.763
  19.311
 -25.947
  -4.469
  55.263
  -5.380
 -29.854
  27.754
  20.399
   9.862
   2.023
  -1.550
  10.810
  24.891
   5.162
 -19.943
   7.800
   2.801
  -3.651
  30.462
   3.333
 -11.755
   8.256
  23.948
  19.913
   3.053
   8.423
  10.911
   1.445
   0.971
   1.287
   0.451
  35.078
  45.790
  -3.353
 -15.426
  13.670
  12.620
  28.003
  18.365
  25.657
 -10.794
 -20.962
  22.552
  13.922
  -7.620
  -2.083
  31.834
   0.811
  16.253
 -12.464
   1.789
  38.090
  -1.219
 -16.867
  14.908
  10.993
  20.357
  36.824
   3.338
 -35.213
  21.109
  48.380
  10.454
 -14.329
  -6.349
   9.207
  -7.825
   2.710
  -4.230
   3.782
  34.489
   7.413
  23.884
  10.347
 -17.779
  32.602
  10.928
 -27.560
  -7.692
 -11.751
   2.279
  12.523
   4.310
  12.810
 -11.783
  12.353
  15.118
   4.424
 -21.134
  10.197
   0.761
  25.036
  -8.029
 -40.863
  33.964
   0.632
  -4.828
   4.826
   9.104
  -6.781
  15.300
  31.428
 -26.184
  -8.020
  20.943
   6.148
  -2.617
  -1.248
  -2.909
  -3.668
  -1.727
  17.461
  -5.330
  -3.527
  20.122
   8.663
  12.864
  27.474
  10.643
  29.979
  33.804
  -7.593
   0.091
  19.186
  -2.513
  12.798
  15.839
   3.574
  -1.183
   2.953
   5.642
  -3.274
  28.665
   8.973
 -26.826
  20.236
  28.734
 -17.069
  -5.838
  10.046
   7.273
  35.219
  21.808
  -9.559
   1.961
  40.103
  21.341
  -1.379
   9.689
  25.527
 -23.054
 -27.521
  52.655
  22.482
   1.658
  31.207
  -2.253
   8.170
  36.882
 -26.218
 -30.377
  33.048
   2.081
 -18.844
  36.654
  19.770
  11.239
  -2.705
   0.143
  36.084
  15.078
   5.842
  24.016
 -17.382
  29.496
  14.386
  -7.662
  46.349
 -12.003
 -38.063
  20.151
   5.924
  28.970
  17.257
  -1.781
  18.635
  25.112
  43.467
 -20.872
 -17.279
  55.770
  25.486
  -5.094
  31.644
  12.409
  27.503
 -11.277
 -14.902
  28.084
  38.216
  -0.117
  32.615
  22.772
 -12.786
  -1.651
  28.368
  37.459
  -4.951
  16.551
  28.702
  -7.216
  -9.530
  31.848
 -15.984
 -38.847
  27.263
  44.031
  -0.558
  16.345
   4.527
 -15.624
  16.814
 -14.196
  35.858
  21.912
 -30.721
  25.948
  43.094
   4.195
  14.232
  11.396
  16.769
   5.365
   7.439
  34.404
  35.232
   4.951
  15.176
  13.741
  27.540
   5.811
  -4.906
  41.727
   6.630
 -19.272
   9.490
  11.401
  10.837
  16.192
  14.361
  11.187
  21.191
 -35.825
   7.355
  44.956
 -32.358
 -20.241
  29.589
  17.990
  19.745
  29.852
 -16.332
 -18.962
  18.866
  20.724
  11.710
  11.848
  -6.964
  -3.480
  24.026
  -9.204
 -16.165
  36.907
  13.592
   9.045
  -9.696
  -3.075
  35.800
  -4.523
 -12.453
  38.802
 -11.133
  18.686
  36.212
   7.883
   2.714
   3.582
  39.778
   7.982
  -7.838
  21.778
  -7.224
  32.824
  49.064
  -7.275
   6.992
  39.293
 -23.310
   8.203
  16.428
   1.438
  -5.494
 -23.734
  22.228
  39.678
   2.057
 -23.489
  -1.918
   6.952
 -10.343
  16.981
   8.826
  23.576
 -29.705
  -8.809
  45.305
 -25.379
  21.799
  -5.704
   8.500
  18.264
  25.615
  -1.472
  22.498
  17.490
 -13.659
   2.943
   5.423
   7.871
   2.834
  23.137
  18.186
  11.338
   3.784
   4.001
  -6.874
  15.290
  36.189
   2.000
 -26.178
  15.187
  34.434
  20.002
 -15.599
  26.221
  25.970
  -8.275
  -5.847
 -20.011
  13.535
  17.624
  -0.967
   5.552
   0.601
  10.505
  13.052
  15.919
  44.200
   4.146
 -21.842
  22.133
   9.292
 -20.298
  51.393
  -4.055
  -7.402
  31.857
  12.911
  37.360
  -3.393
 -19.704
  26.394
  49.708
 -38.473
 -29.696
  42.001
  26.864
 -22.694
 -25.316
  20.553
   8.177
  -3.958
  25.026
  -6.857
   3.889
  41.230
  24.544
  -0.474
  -2.447
  26.533
  29.852
  35.741
   1.321
 -15.134
  13.980
   8.374
   7.445
   5.833
  -3.755
  -8.456
  17.007
  24.628
   9.633
 -11.523
  12.083
 -12.358
  22.004
  35.397
  -8.107
  26.464
  -4.196
   1.661
  40.574
 -20.038
  22.740
  40.722
 -18.930
   6.461
  49.596
  -1.570
 -42.567
  14.750
   2.945
 -13.869
  13.999
   3.791
  18.252
   2.685
 -35.001
  15.693
  22.283
   0.926
  11.591
  -3.584
   8.077
  19.269
  27.070
  11.260
  -1.427
 -16.334
  -9.083
  28.523
  17.138
  -1.747
  22.656
   0.493
  22.124
  -2.044
 -18.123
  39.480
  13.532
   0.466
  19.733
  16.868
   8.479
   4.409
  -6.824
  19.332
  19.726
 -11.179
  37.407
  25.781
 -26.502
  -0.841
  27.399
 -13.954
 -23.407
  37.868
  -4.248
   2.087
  11.598
   4.393
  16.322
  17.254
  14.363
  -1.007
  14.559
  -7.530
  31.678
  11.358
 -18.978
  27.546
  -6.576
  -1.085
  20.095
  30.513
  12.322
  -1.278
   4.442
  13.531
  18.860
   2.387
   6.485
  24.804
  30.377
   7.477
  -3.790
  10.395
   3.305
   8.507
  13.718
 -24.035
 -19.010
  15.605
 -21.053
  -6.481
  23.283
 -12.288
  14.492
 -16.328
  -3.660
  40.957
  14.104
  39.501
  -2.042
 -19.775
  27.522
  34.300
  -9.003
  -7.313
  31.918
  35.711
 -10.816
  15.919
  21.774
  -6.708
  -5.534
  46.983
  11.125
 -13.646
  29.029
  10.817
 -10.019
 -13.694
  44.750
   4.494
  -3.901
  34.475
 -10.298
   9.936
  15.007
  12.333
 -13.952
   0.881
  43.460
 -17.939
 -44.043
  22.498
  57.790
  -1.622
  -5.622
  37.137
   3.098
   1.055
  26.820
   5.851
  14.131
  18.743
  19.644
   2.960
 -15.172
   5.688
  18.929
  -9.955
  -1.163
  23.488
   0.733
   1.803
   4.440
  -3.629
   8.395
  22.545
  -1.016
  17.907
  -9.871
  24.826
  46.981
 -12.369
   4.605
  26.923
  -4.892
 -24.004
  34.291
  27.217
  -5.778
  28.130
   2.154
  -6.507
   2.533
  21.639
  21.727
 -18.867
   5.769
  34.188
 -24.144
  -9.396
  48.403
  15.547
   7.274
  17.730
 -25.010
 -22.801
  -4.450
  25.070
  23.202
 -27.734
  14.689
   2.828
  30.052
   5.966
 -23.075
   2.597
   1.835
   7.101
 -19.511
 -13.803
  40.019
  35.766
 -16.000
  17.144
  21.785
  -1.230
  -1.465
   4.654
  37.753
  -4.586
  -4.533
  25.381
  31.134
  -2.628
   5.214
  14.481
  17.038
   5.454
 -20.613
  19.194
  28.497
  -1.380
 -16.234
  27.208
  33.379
 -23.977
  -8.195
  46.920
  -0.167
 -10.196
   2.515
  40.255
  22.285
 -27.066
  31.515
  -3.006
 -27.561
  47.621
 -13.732
   0.828
  35.503
   8.694
   4.932
 -13.444
  23.602
  -0.976
  -6.646
  35.284
  -0.451
   3.342
  32.864
  -5.112
  -2.812
  47.475
  13.606
  -2.869
  19.779
 -27.905
  23.342
  21.946
 -13.083
  30.733
   1.731
  21.345
  10.809
   6.126
  34.971
  23.079
  13.020
  -2.017
 -17.499
  13.433
  38.584
  12.983
   8.725
  20.270
  -6.194
   4.943
  15.144
  -9.167
   7.852
  -0.703
   6.252
  14.820
  20.739
  13.381
   8.400
  24.489
   9.257
  20.102
  -0.477
 -19.863
  -0.330
  33.334
   2.598
   7.829
  18.940
  -3.479
  -7.153
  13.058
  42.358
  19.249
 -16.535
  23.616
  -2.390
 -10.098
  -5.044
   6.332
  61.754
  11.612
 -38.948
  18.501
  25.230
  -3.497
   3.295
  36.610
  12.897
  -0.612
   4.940
  17.175
  -0.797
 -17.583
  24.414
  -0.929
  19.130
   7.938
  22.187
  24.298
 -27.059
  -3.989
  11.962
  16.733
   4.284
  10.157
   1.087
   3.995
  28.447
  -4.114
   2.358
  30.759
  -8.198
  14.731
  19.556
  19.226
  11.473
 -12.286
  15.663
 -13.366
  23.197
  52.297
   6.243
   9.634
  30.658
  19.471
 -16.786
 -17.421
  16.508
  17.463
   2.832
   3.753
  23.130
  33.973
  18.166
 -16.693
 -23.417
  45.357
  -7.393
 -19.356
  43.379
  32.636
   3.655
   3.636
  16.803
   7.665
  12.394
  24.953
 -14.447
   3.975
  18.728
   0.681
  31.108
  23.823
 -16.954
   0.556
  23.439
  32.589
 -14.742
 -32.551
  43.654
  24.411
  -4.742
   8.573
  31.821
  -0.307
 -10.456
  20.065
  35.026
 -13.902
  -4.019
  16.741
  15.803
  13.037
 -22.979
  23.018
  27.735
  14.894
  13.088
  15.398
  27.527
  -9.369
  38.173
  39.441
 -34.275
  -4.177
   5.830
   3.307
  -3.925
  13.344
  19.362
   3.791
  34.169
 -22.884
 -32.094
  25.651
   2.227
   5.943
  11.952
   1.456
  15.477
  -3.155
   6.845
  15.974
   5.825
   5.783
   6.690
  25.963
  15.228
 -16.211
  -4.425
  44.801
   6.194
  -0.538
  26.621
  15.399
 -23.768
  17.157
  26.292
  -9.123
   6.402
   7.657
  26.334
  -5.930
  18.150
  34.749
   8.917
   5.321
  12.456
  17.269
  16.989
   0.888
  28.946
  14.658
  10.123
  51.266
 -18.040
  -1.074
  21.850
 -23.801
 -10.906
  25.978
  16.485
  -1.201
   0.360
  18.591
  15.969
 -17.955
  -7.766
  -5.423
  42.923
  17.136
  17.781
  -7.068
   2.559
  19.252
  10.171
  26.753
  17.893
 -18.799
  23.607
  -1.264
  -8.028
  36.803
  -0.110
  25.627
  -4.435
   5.537
   5.241
 -35.850
  24.113
  41.668
   8.003
   5.107
   1.762
  27.508
  -1.032
   2.073
  44.265
  -1.918
   3.750
  33.345
  10.034
  12.816
  -8.554
   0.416
  38.212
  12.598
 -10.060
  -3.140
  10.377
  25.101
  -3.507
 -11.200
  12.687
  37.363
 -18.471
  11.706
  15.237
 -16.487
  -7.645
  13.085
  25.502
   9.586
  28.723
  21.472
 -23.024
  24.026
  13.659
 -16.740
  32.547
  21.429
   8.711
  35.800
   5.305
  -4.617
  11.179
  20.063
  28.238
 -21.761
  21.534
  -3.355
   7.903
  29.512
 -19.375
 -27.442
  10.406
   7.866
  14.660
 -17.511
 -10.274
  19.860
 -25.673
  10.656
  15.389
  35.110
  23.957
 -22.756
  -9.051
 -13.570
  30.782
  41.000
   0.754
   3.189
 -12.998
  13.741
  37.910
   5.696
   9.682
  -1.497
  -2.720
   8.846
  32.031
   2.139
 -13.250
  25.665
   2.903
 -11.823
   0.824
  11.297
  -2.975
  26.913
  51.187
   3.081
 -26.479
   7.191
   3.283
  -9.690
   4.800
  -2.459
 -23.561
  -1.980
  -5.401
   2.324
  40.696
  -1.710
  27.794
  22.029
  13.741
   4.966
  -4.397
   6.342
  -1.670
   1.042
  16.262
  -2.792
   9.548
  18.506
  17.622
   9.994
  17.418
   2.443
  12.122
  29.846
  -3.543
   7.022
  -9.034
 -12.243
   6.770
  -0.667
  20.655
  37.552
 -19.495
  -8.157
   9.371
 -13.607
  45.718
  17.444
 -21.663
  -8.133
  34.314
  33.536
  18.439
   1.955
  13.768
  16.735
 -15.815
 -11.287
 -13.929
  -2.841
  35.391
  44.103
 -13.918
   7.696
 -22.525
  -8.824
  35.399
 -26.437
  11.462
   3.678
  -6.301
   8.114
 -39.373
  26.590
  -3.325
   4.673
  30.351
  13.179
  -3.514
  -6.949
  21.486
  -1.799
 -17.640
   4.388
  23.616
  -3.133
 -18.075
 -12.313
  -5.589
   9.595
  28.207
  26.575
 -31.147
   6.731
  33.020
 -19.659
   1.629
  32.810
  21.220
 -25.807
  17.939
   8.069
  -7.297
  26.784
  -1.769
   1.667
 -15.987
  25.915
  -7.446
 -18.264
  47.238
  40.441
   3.826
  12.615
  16.785
   3.321
   2.621
  11.173
  42.621
 -13.896
   5.218
  39.796
  19.099
   2.698
   5.193
  15.838
  21.935
  -7.229
  -5.147
   2.865
 -13.074
  51.373
  31.535
 -20.018
  31.581
  25.924
 -12.776
  -4.098
   5.141
   3.713
   5.465
  10.482
   2.706
  30.643
  12.866
 -24.421
 -10.231
  10.395
  17.454
  -1.949
  25.337
   4.740
  -8.855
  14.696
   0.256
   7.481
  20.163
  11.696
  22.215
  25.173
  -0.849
  10.836
  28.133
  22.755
  -1.347
 -24.112
  10.855
  13.362
  19.950
   1.497
   3.353
 -19.855
  15.383
  27.036
 -22.745
  -7.042
  17.152
  20.594
   9.298
  -2.868
  -3.728
  22.121
  22.890
  16.848
  25.049
  -7.847
  16.686
  32.075
  19.043
  25.866
  14.046
  -9.927
  -8.289
  -5.721
  10.062
  32.083
  28.691
 -20.573
 -15.027
  41.111
  20.269
 -16.471
   0.899
  21.331
  29.874
  -9.421
  -1.488
  20.300
  -7.288
  -3.553
  19.962
  10.954
  17.772
  15.843
  -6.539
   8.556
  11.040
   7.722
  -6.023
  13.840
  38.623
 -14.546
  -1.378
  10.706
  11.671
  33.187
  -3.308
  -7.409
  14.479
  14.937
  15.198
 -30.324
  34.753
  28.940
 -17.719
   9.338
   5.419
  14.705
  12.602
  -3.448
  13.212
   5.855
 -18.427
  15.422
  10.595
 -10.133
  22.199
  29.357
 -41.345
 -36.100
  34.899
  13.369
  -0.855
 -13.413
  -5.394
  37.667
 -13.583
  11.032
  16.068
 -38.151
  42.983
  45.193
   9.803
  49.659
 -12.987
 -13.059
  24.856
  -8.191
   1.461
   4.276
  16.180
  24.344
  -3.743
 -13.145
  -2.331
  28.882
  15.602
 -28.893
  24.039
  -3.337
 -10.385
   2.113
   2.963
   7.265
 -22.455
  14.091
  24.862
  15.263
   5.814
  28.248
  10.370
 -32.828
  22.030
  25.080
  -2.334
 -19.291
  -3.682
  10.141
  26.228
 -16.785
 -12.574
  26.102
  -0.070
  11.072
 -12.791
  14.628
  21.342
 -10.156
  -5.663
  -4.130
  10.997
 -13.680
   5.264
  -5.290
   9.321
  24.960
  -1.892
  30.034
  14.428
   2.062
  15.350
  -6.537
   6.144
  30.438
  -6.435
  -3.589
  43.493
   6.445
  -1.528
 -11.020
  -2.943
 -16.527
 -13.742
  16.241
  -0.823
 -16.512
   0.423
  -4.413
  -5.211
  21.006
  12.155
   9.367
  -5.145
 -11.003
   3.800
  23.497
  16.647
   7.350
 -27.009
   7.988
   9.321
   2.391
   7.791
  18.898
  30.931
  11.039
  15.576
  -2.131
   2.020
  29.182
  30.424
 -38.053
  -7.575
  17.371
  17.196
  11.883
   1.979
  23.441
 -11.276
 -19.084
  36.905
   2.986
 -35.197
  38.550
  -6.394
 -22.526
 -10.664
 -14.823
  11.021
  46.896
   9.824
 -31.426
  11.973
  27.403
  -0.736
 -13.572
   0.012
   7.574
  37.272
  12.405
   1.646
  40.026
 -21.507
  13.305
  11.747
  -9.056
  36.132
  33.917
  17.381
 -36.793
  24.242
   0.923
 -21.363
  30.645
   2.309
   8.230
  10.795
  33.381
  25.955
 -18.377
  16.798
  42.632
 -16.340
  -3.379
  39.879
  -8.206
 -13.291
  19.042
   0.118
  19.665
   3.978
 -23.592
  10.090
   0.706
  11.560
  10.996
  -8.502
   9.469
  20.090
  10.905
  19.778
 -24.632
   0.538
  35.593
 -10.178
 -14.925
 -23.563
 -13.596
  25.531
 -10.563
 -20.024
  46.200
   4.422
  11.743
  -2.308
 -26.642
  26.703
  28.852
  11.704
  29.460
   6.177
  -6.355
   8.561
  23.451
   5.392
  12.825
 -21.539
 -31.823
  26.621
  -1.879
  30.618
  32.930
  -2.687
  14.396
   6.281
  34.310
   0.146
 -19.885
  39.427
  34.448
   2.561
  16.684
  12.031
  11.400
 -16.778
  10.821
  20.575
  -9.924
  -4.269
  20.069
  11.223
 -12.205
   8.379
  44.048
 -10.626
  -1.847
  -3.315
   8.346
  24.043
   3.968
  10.015
   0.650
 -21.859
   2.907
  18.541
  23.477
   3.595
 -14.750
  -0.696
  -0.816
  15.348
  11.750
 -25.724
  20.759
  26.611
 -22.146
   3.838
   9.763
  -3.568
  11.407
  31.161
  19.085
 -20.242
  35.556
  24.186
  -1.443
  -2.531
   8.986
 -10.927
  28.713
  17.231
  -1.571
  38.517
  -4.864
  10.429
  33.880
  -2.756
  10.496
   6.318
 -18.524
  10.892
  16.879
 -37.135
  13.140
  -2.541
  21.501
  49.035
 -23.284
 -37.150
  -1.603
  39.561
  -3.682
  10.729
  24.063
 -20.577
 -35.254
  28.649
   2.465
 -29.246
  42.306
  17.048
 -28.737
  12.662
  34.856
  19.646
  27.714
  -7.474
  21.288
  -8.644
 -20.595
  50.739
  -2.273
  17.275
  23.161
 -40.760
  17.308
  42.809
 -14.800
  16.418
  12.793
 -36.103
 -11.676
  22.628
  39.791
  15.411
 -12.234
  27.693
  -0.074
   2.271
  21.472
  25.920
  -9.064
  -6.570
  37.375
  33.532
  26.918
  -9.936
  18.141
  29.974
  -8.295
 -25.900
  18.957
  28.456
  -2.828
   2.905
  -4.113
  25.819
 -15.201
 -35.669
  32.798
  49.079
   9.597
  -4.679
  30.160
  11.527
   7.803
  31.404
 -16.373
   4.998
   3.549
  13.003
  19.843
  -6.859
  15.038
 -13.126
  -9.964
   0.071
  -5.658
   1.670
  24.050
  15.789
  -2.455
  13.527
  16.985
  -3.112
 -30.262
  -2.566
  21.497
  36.382
  22.405
 -23.205
 -14.718
  12.960
  -7.514
  -2.710
  16.489
   2.359
  21.670
  16.123
   2.778
  10.351
  14.721
  20.258
 -20.116
 -16.794
  22.762
  10.781
  29.353
  33.526
  14.661
   7.969
 -21.538
  -7.937
  14.212
 -10.888
  24.357
  20.059
 -19.028
  36.195
  18.096
 -36.947
  11.429
  23.775
  -9.387
   9.179
   2.421
  -6.788
  13.210
  -3.803
   0.822
  -8.897
  -2.665
  36.359
  -2.694
   6.763
  31.195
  18.708
 -23.232
  21.997
  14.340
 -11.298
   3.802
  34.928
  -1.997
 -14.100
  14.128
   5.364
 -11.528
  -1.065
  -1.411
   4.905
  19.502
 -13.552
  20.273
  33.832
  -7.803
  29.537
  28.190
   0.912
  11.883
 -10.734
 -31.204
  32.263
  -2.635
  -8.894
  25.492
 -26.210
  -4.632
  27.970
  34.057
  17.640
 -45.617
  18.359
  46.718
 -18.235
 -19.456
  -1.518
  16.504
  26.597
  -3.757
  14.337
   7.860
   6.318
  31.705
 -19.267
   6.963
  12.830
  -2.365
  31.947
 -20.692
   4.926
  20.170
  -2.125
  13.334
  19.577
  -8.269
  -3.446
  28.831
   0.763
  17.740
   9.681
 -19.213
  18.769
  18.472
 -11.864
  18.772
  13.436
  -0.133
 -15.727
  -5.680
   5.200
  13.173
   9.536
  -6.355
  31.824
  -3.158
 -18.380
   4.254
  23.636
 -18.724
 -11.676
  20.014
  39.155
  10.264
  -6.512
  18.569
  13.029
   4.577
  35.936
  -1.177
  -4.791
  31.488
   5.217
   8.984
   3.845
   8.898
   7.036
  22.822
  16.138
  10.704
  24.618
  22.272
  -1.087
 -12.917
  30.014
  16.301
 -13.329
  13.685
  -3.330
  23.871
  14.083
  -1.383
  20.122
 -11.051
  23.742
  19.054
 -10.479
   3.829
   5.694
  15.911
  25.752
   4.062
 -16.823
  -1.586
  16.983
 -14.169
   8.586
  14.271
  23.259
  18.035
  16.303
  23.667
   5.581
 -10.469
   9.688
  27.502
  31.457
  -6.910
 -18.729
 -12.952
   3.624
  -0.162
  22.931
  11.274
   6.226
  13.507
 -40.380
   2.370
  22.140
 -13.022
   2.791
  21.083
  24.526
   2.313
  31.770
  17.164
 -27.456
  -3.036
  28.972
  -0.832
  -1.174
  21.840
 -29.844
  12.530
  25.005
  16.094
  21.619
  -7.257
   5.029
   1.261
  -6.053
  13.343
  26.251
  31.787
 -10.540
   6.298
  33.031
   4.810
  -2.909
  20.682
  10.736
  -7.735
  -2.605
  21.585
  -8.398
 -19.745
  40.265
  25.805
 -12.994
  26.009
  32.609
  -2.494
  10.300
   5.907
  -8.489
  16.247
   6.191
  20.430
   0.700
 -19.590
  38.059
  14.532
  34.585
  27.704
  -9.577
   3.696
   0.508
 -14.914
 -16.691
  -0.507
   9.326
  30.594
  -7.100
  14.095
  20.412
   8.181
 -18.650
  26.257
  13.416
 -17.142
  11.863
  -4.797
  26.415
  16.391
   7.845
   4.145
 -16.252
  23.040
   6.929
  10.320
  -6.008
  14.774
  33.432
   1.816
  12.891
  19.737
   0.172
  14.502
  10.080
  -6.504
  12.422
   4.870
   4.064
   2.381
  23.660
  -5.029
 -18.349
  19.941
  15.762
  -3.954
  17.130
   6.334
  40.365
  21.116
 -22.500
   6.705
  -9.493
  -1.260
  20.006
  11.296
 -17.113
  15.467
  56.507
  -3.702
 -26.921
  36.919
   9.803
   4.360
  20.124
   2.672
   0.104
  -8.065
  44.149
  18.507
 -18.239
   2.811
 -15.691
  15.347
  21.659
 -23.044
   6.386
  12.730
  35.577
   3.763
   6.930
  39.888
  10.139
  17.653
 -13.258
  -0.635
  30.247
 -33.904
  24.115
  38.391
 -14.109
  20.617
  -6.972
   9.870
  13.059
   2.755
   2.019
  24.309
  34.545
 -26.347
   3.829
   9.495
  10.100
  21.519
  -2.061
  37.283
   9.853
 -24.662
  13.152
  -3.095
  28.397
   5.184
  -8.748
  37.628
   6.535
 -10.423
 -12.674
  22.541
  24.196
  -2.380
  16.512
  10.954
 -16.669
  21.151
   4.986
 -13.333
  18.432
 -10.221
  13.048
  19.675
   1.241
  -4.871
   8.345
  15.781
   1.173
   4.164
  11.690
  14.807
 -15.407
   9.418
  17.860
  21.588
  31.204
   2.962
 -22.298
  11.896
  18.526
  -5.849
  28.163
  -2.388
 -19.453
  48.468
 -12.786
 -17.200
  31.272
   3.042
  36.363
   9.904
  15.167
  33.590
 -23.503
  23.764
   7.866
 -13.656
  -6.539
  24.640
  41.790
 -21.996
 -22.592
  46.129
  40.111
  26.695
   5.469
 -23.775
  27.866
  25.465
  16.042
  -5.784
  -2.148
  13.642
   9.656
  48.584
  24.535
   6.209
  10.484
   6.283
  28.872
 -31.562
   0.055
  51.979
   6.268
  10.239
  -9.795
  14.761
   4.623
 -27.804
  17.582
  25.990
  24.266
  25.823
  12.612
  17.512
   2.264
   8.676
  15.442
   1.304
   0.016
  10.804
  -0.265
  18.617
 -16.078
 -12.579
   8.083
   8.537
  26.184
  -9.085
 -13.148
 -13.877
  27.303
  32.831
  -7.950
  14.936
  26.243
  19.533
  34.570
   3.731
 -11.517
  -1.694
  49.876
  21.226
 -14.331
  13.063
  20.427
 -32.543
  -7.940
  39.562
  18.801
  31.480
 -20.973
  15.181
  23.978
 -18.230
  20.475
  39.585
  16.944
   5.303
 -12.333
  16.248
  -4.064
 -25.003
   5.181
   8.056
  36.051
   8.669
   8.856
  40.688
 -11.858
  15.174
   1.336
  29.757
  26.272
 -14.105
  35.561
  13.038
  14.476
  -1.495
  15.203
  30.772
 -12.534
  -2.902
   2.092
  27.644
  13.760
   2.035
  28.447
  14.776
   6.675
  13.529
  42.069
  40.263
  12.377
  10.716
  30.604
   6.132
   3.396
  32.282
  -5.281
   2.369
  27.414
   1.952
   3.193
   9.707
  18.616
   5.942
  11.264
  16.599
 -22.939
   8.536
  29.651
  -5.669
 -10.683
  40.118
  -1.262
  11.048
  25.069
  21.132
  32.249
  25.023
  34.684
   5.849
  -4.672
  27.723
  30.488
  -7.443
  -4.400
  -1.773
  27.736
  11.356
 -12.740
  50.824
  38.495
  -7.846
  19.369
  26.059
  11.816
  23.982
   6.442
 -21.869
   0.039
  27.036
  13.764
  13.030
  19.482
  -2.157
  27.184
  18.033
  -3.934
  15.980
  41.620
  14.559
  11.518
  12.701
   3.145
   6.034
  21.190
  32.712
  10.918
  15.365
  -2.533
   0.307
  -7.909
   6.026
  29.192
  12.370
  -3.652
  -3.140
  -7.557
  35.800
  32.583
  17.562
  -9.295
   8.900
  24.407
 -11.472
  39.529
   0.484
 -32.057
  12.243
  57.505
  -5.732
 -17.097
  23.989
   1.906
  -1.135
  26.964
  47.142
 -19.001
   3.536
   6.740
   8.743
  20.157
   6.041
  -7.144
   6.591
   4.181
  10.383
  30.930
  -5.331
 -16.936
  10.528
   3.727
   6.094
  11.953
   7.017
  14.179
  22.918
  -7.889
 -11.981
  17.614
   5.396
  -3.538
  18.306
  -3.190
  -2.126
  18.670
  -1.571
  20.647
  13.552
  -3.058
  -6.438
  35.382
  26.237
 -21.515
  -6.853
  18.356
   9.150
   7.064
  33.348
   6.696
 -10.235
  11.628
 -22.973
  22.451
  -4.407
 -17.135
  24.154
  38.634
   3.679
 -18.616
  -4.763
 -11.036
  22.668
  45.025
   0.384
   0.859
   5.308
 -17.137
   6.005
   5.797
 -28.814
  25.133
  22.776
 -13.852
   4.895
 -10.058
  46.445
  31.283
 -13.233
  15.967
 -11.544
  35.519
  -3.927
 -37.329
  38.876
   4.783
   6.165
  58.635
  10.894
  13.749
  35.918
